<?xml version="1.0" encoding="UTF-8" standalone="no" ?>
<COLLADA xmlns="http://www.collada.org/2005/11/COLLADASchema" version="1.4.1">
    <asset>
        <contributor>
            <authoring_tool>SketchUp 7.1.6087</authoring_tool>
        </contributor>
        <created>2017-12-16T08:38:45Z</created>
        <modified>2017-12-16T08:38:45Z</modified>
        <unit meter="0.0254" name="inch" />
        <up_axis>Z_UP</up_axis>
    </asset>
    <library_cameras>
        <camera id="ID1" name="skp_camera_Last_Saved_SketchUp_View">
            <optics>
                <technique_common>
                    <perspective>
                        <yfov>35</yfov>
                        <aspect_ratio>0</aspect_ratio>
                        <znear>1</znear>
                        <zfar>1000</zfar>
                    </perspective>
                </technique_common>
            </optics>
        </camera>
    </library_cameras>
    <library_visual_scenes>
        <visual_scene id="ID2">
            <node name="SketchUp">
                <node name="skp_camera_Last_Saved_SketchUp_View">
                    <matrix>0.5031047 -0.4730095 0.7232895 28.41191 0.8642254 0.2753602 -0.4210595 -8.690356 2.775558e-17 0.8369222 0.5473219 47.66951 0 0 0 1</matrix>
                    <instance_camera url="#ID1" />
                </node>
                <node id="ID3" name="group_0">
                    <matrix>1 0 0 0 0 1 0 0 0 0 1 0 0 0 0 1</matrix>
                    <instance_geometry url="#ID55">
                        <bind_material>
                            <technique_common>
                                <instance_material symbol="Material2" target="#ID43">
                                    <bind_vertex_input semantic="UVSET0" input_semantic="TEXCOORD" input_set="0" />
                                </instance_material>
                                <instance_material symbol="Material3" target="#ID59">
                                    <bind_vertex_input semantic="UVSET0" input_semantic="TEXCOORD" input_set="0" />
                                </instance_material>
                            </technique_common>
                        </bind_material>
                    </instance_geometry>
                    <instance_geometry url="#ID68">
                        <bind_material>
                            <technique_common>
                                <instance_material symbol="Material2" target="#ID43">
                                    <bind_vertex_input semantic="UVSET0" input_semantic="TEXCOORD" input_set="0" />
                                </instance_material>
                            </technique_common>
                        </bind_material>
                    </instance_geometry>
                    <instance_geometry url="#ID74">
                        <bind_material>
                            <technique_common>
                                <instance_material symbol="Material2" target="#ID43">
                                    <bind_vertex_input semantic="UVSET0" input_semantic="TEXCOORD" input_set="0" />
                                </instance_material>
                            </technique_common>
                        </bind_material>
                    </instance_geometry>
                    <instance_geometry url="#ID80">
                        <bind_material>
                            <technique_common>
                                <instance_material symbol="Material2" target="#ID43">
                                    <bind_vertex_input semantic="UVSET0" input_semantic="TEXCOORD" input_set="0" />
                                </instance_material>
                            </technique_common>
                        </bind_material>
                    </instance_geometry>
                    <instance_geometry url="#ID86">
                        <bind_material>
                            <technique_common>
                                <instance_material symbol="Material2" target="#ID43">
                                    <bind_vertex_input semantic="UVSET0" input_semantic="TEXCOORD" input_set="0" />
                                </instance_material>
                            </technique_common>
                        </bind_material>
                    </instance_geometry>
                    <instance_geometry url="#ID92">
                        <bind_material>
                            <technique_common>
                                <instance_material symbol="Material2" target="#ID43">
                                    <bind_vertex_input semantic="UVSET0" input_semantic="TEXCOORD" input_set="0" />
                                </instance_material>
                            </technique_common>
                        </bind_material>
                    </instance_geometry>
                    <instance_geometry url="#ID98">
                        <bind_material>
                            <technique_common>
                                <instance_material symbol="Material2" target="#ID43">
                                    <bind_vertex_input semantic="UVSET0" input_semantic="TEXCOORD" input_set="0" />
                                </instance_material>
                            </technique_common>
                        </bind_material>
                    </instance_geometry>
                    <instance_geometry url="#ID104">
                        <bind_material>
                            <technique_common>
                                <instance_material symbol="Material2" target="#ID43">
                                    <bind_vertex_input semantic="UVSET0" input_semantic="TEXCOORD" input_set="0" />
                                </instance_material>
                            </technique_common>
                        </bind_material>
                    </instance_geometry>
                    <instance_geometry url="#ID110">
                        <bind_material>
                            <technique_common>
                                <instance_material symbol="Material2" target="#ID111">
                                    <bind_vertex_input semantic="UVSET0" input_semantic="TEXCOORD" input_set="0" />
                                </instance_material>
                            </technique_common>
                        </bind_material>
                    </instance_geometry>
                    <instance_geometry url="#ID118">
                        <bind_material>
                            <technique_common>
                                <instance_material symbol="Material2" target="#ID119">
                                    <bind_vertex_input semantic="UVSET0" input_semantic="TEXCOORD" input_set="0" />
                                </instance_material>
                            </technique_common>
                        </bind_material>
                    </instance_geometry>
                    <instance_geometry url="#ID124">
                        <bind_material>
                            <technique_common>
                                <instance_material symbol="Material2" target="#ID119">
                                    <bind_vertex_input semantic="UVSET0" input_semantic="TEXCOORD" input_set="0" />
                                </instance_material>
                            </technique_common>
                        </bind_material>
                    </instance_geometry>
                    <node id="ID4" name="instance_0">
                        <matrix>-1.94289e-16 -0.9930713 0.1175134 9.378619 1 -1.929429e-16 2.283157e-17 8.29934 -1.232595e-32 0.1175134 0.9930713 33.03009 0 0 0 1</matrix>
                        <instance_node url="#ID5" />
                    </node>
                    <node id="ID14" name="instance_1">
                        <matrix>-1.94289e-16 -0.9930713 0.1175134 8.027902 1 -1.929429e-16 2.283157e-17 6.136525 -1.232595e-32 0.1175134 0.9930713 33.18993 0 0 0 1</matrix>
                        <instance_node url="#ID15" />
                    </node>
                    <node id="ID22" name="instance_2">
                        <matrix>-1.94289e-16 -0.9930713 0.1175134 10.28959 1 -1.929429e-16 2.283157e-17 6.510698 -1.232595e-32 0.1175134 0.9930713 32.9223 0 0 0 1</matrix>
                        <instance_node url="#ID5" />
                    </node>
                    <node id="ID23" name="instance_3">
                        <matrix>-1.94289e-16 -0.9930713 0.1175134 9.378619 1 -1.929429e-16 2.283157e-17 6.511938 -1.232595e-32 0.1175134 0.9930713 33.03009 0 0 0 1</matrix>
                        <instance_node url="#ID5" />
                    </node>
                    <node id="ID24" name="instance_4">
                        <matrix>-1.94289e-16 -0.9930713 0.1175134 11.20055 1 -1.929429e-16 2.283157e-17 7.403158 -1.232595e-32 0.1175134 0.9930713 32.8145 0 0 0 1</matrix>
                        <instance_node url="#ID5" />
                    </node>
                    <node id="ID25" name="instance_5">
                        <matrix>-1.94289e-16 -0.9930713 0.1175134 11.20055 1 -1.929429e-16 2.283157e-17 8.296859 -1.232595e-32 0.1175134 0.9930713 32.8145 0 0 0 1</matrix>
                        <instance_node url="#ID5" />
                    </node>
                    <node id="ID26" name="instance_6">
                        <matrix>-1.94289e-16 -0.9930713 0.1175134 10.28959 1 -1.929429e-16 2.283157e-17 8.298099 -1.232595e-32 0.1175134 0.9930713 32.9223 0 0 0 1</matrix>
                        <instance_node url="#ID5" />
                    </node>
                    <node id="ID27" name="instance_7">
                        <matrix>-1.94289e-16 -0.9930713 0.1175134 12.11152 1 -1.929429e-16 2.283157e-17 8.264122 -1.232595e-32 0.1175134 0.9930713 32.7067 0 0 0 1</matrix>
                        <instance_node url="#ID5" />
                    </node>
                    <node id="ID28" name="instance_8">
                        <matrix>-1.94289e-16 -0.9930713 0.1175134 11.20055 1 -1.929429e-16 2.283157e-17 6.509457 -1.232595e-32 0.1175134 0.9930713 32.8145 0 0 0 1</matrix>
                        <instance_node url="#ID5" />
                    </node>
                    <node id="ID29" name="instance_9">
                        <matrix>-1.94289e-16 -0.9930713 0.1175134 10.28959 1 -1.929429e-16 2.283157e-17 7.404398 -1.232595e-32 0.1175134 0.9930713 32.9223 0 0 0 1</matrix>
                        <instance_node url="#ID5" />
                    </node>
                    <node id="ID30" name="instance_10">
                        <matrix>-1.94289e-16 -0.9930713 0.1175134 9.378619 1 -1.929429e-16 2.283157e-17 7.405639 -1.232595e-32 0.1175134 0.9930713 33.03009 0 0 0 1</matrix>
                        <instance_node url="#ID5" />
                    </node>
                    <node id="ID31" name="instance_11">
                        <matrix>-1.94289e-16 -0.9930713 0.1175134 8.027902 1 -1.929429e-16 2.283157e-17 6.136525 -1.232595e-32 0.1175134 0.9930713 33.18993 0 0 0 1</matrix>
                        <instance_node url="#ID15" />
                    </node>
                    <node id="ID32" name="instance_12">
                        <matrix>-1.94289e-16 -0.9930713 0.1175134 6.996034 1 -1.929429e-16 2.283157e-17 6.111452 -1.232595e-32 0.1175134 0.9930713 33.31203 0 0 0 1</matrix>
                        <instance_node url="#ID15" />
                    </node>
                    <node id="ID33" name="instance_13">
                        <matrix>-1.94289e-16 -0.9930713 0.1175134 12.11152 1 -1.929429e-16 2.283157e-17 6.508217 -1.232595e-32 0.1175134 0.9930713 32.7067 0 0 0 1</matrix>
                        <instance_node url="#ID5" />
                    </node>
                    <node id="ID34" name="instance_14">
                        <matrix>-1.94289e-16 -0.9930713 0.1175134 12.11152 1 -1.929429e-16 2.283157e-17 7.386169 -1.232595e-32 0.1175134 0.9930713 32.7067 0 0 0 1</matrix>
                        <instance_node url="#ID5" />
                    </node>
                    <node id="ID35" name="instance_15">
                        <matrix>-1.94289e-16 -0.9930713 0.1175134 6.996034 1 -1.929429e-16 2.283157e-17 8.300429 -1.232595e-32 0.1175134 0.9930713 33.31203 0 0 0 1</matrix>
                        <instance_node url="#ID15" />
                    </node>
                    <node id="ID36" name="instance_16">
                        <matrix>-1.94289e-16 -0.9930713 0.1175134 6.996034 1 -1.929429e-16 2.283157e-17 7.205941 -1.232595e-32 0.1175134 0.9930713 33.31203 0 0 0 1</matrix>
                        <instance_node url="#ID15" />
                    </node>
                    <node id="ID37" name="instance_17">
                        <matrix>-1.94289e-16 -0.9930713 0.1175134 5.964165 1 -1.929429e-16 2.283157e-17 6.08638 -1.232595e-32 0.1175134 0.9930713 33.43414 0 0 0 1</matrix>
                        <instance_node url="#ID15" />
                    </node>
                    <node id="ID38" name="instance_18">
                        <matrix>-1.94289e-16 -0.9930713 0.1175134 4.932297 1 -1.929429e-16 2.283157e-17 6.061307 -1.232595e-32 0.1175134 0.9930713 33.55624 0 0 0 1</matrix>
                        <instance_node url="#ID15" />
                    </node>
                    <node id="ID39" name="instance_19">
                        <matrix>-1.94289e-16 -0.9961947 0.08715574 12.52736 1 -1.935497e-16 1.69334e-17 2.549229 9.244464e-33 0.08715574 0.9961947 32.25844 0 0 0 1</matrix>
                        <instance_node url="#ID40" />
                    </node>
                    <node id="ID49" name="instance_20">
                        <matrix>-1.94289e-16 -0.9930713 0.1175134 8.027902 1 -1.929429e-16 2.283157e-17 8.325502 -1.232595e-32 0.1175134 0.9930713 33.18993 0 0 0 1</matrix>
                        <instance_node url="#ID15" />
                    </node>
                    <node id="ID50" name="instance_21">
                        <matrix>-1.94289e-16 -0.9930713 0.1175134 4.932297 1 -1.929429e-16 2.283157e-17 7.155795 -1.232595e-32 0.1175134 0.9930713 33.55624 0 0 0 1</matrix>
                        <instance_node url="#ID15" />
                    </node>
                    <node id="ID51" name="instance_22">
                        <matrix>-1.94289e-16 -0.9930713 0.1175134 5.964165 1 -1.929429e-16 2.283157e-17 8.275356 -1.232595e-32 0.1175134 0.9930713 33.43414 0 0 0 1</matrix>
                        <instance_node url="#ID15" />
                    </node>
                    <node id="ID52" name="instance_23">
                        <matrix>-1.94289e-16 -0.9930713 0.1175134 4.932297 1 -1.929429e-16 2.283157e-17 8.250283 -1.232595e-32 0.1175134 0.9930713 33.55624 0 0 0 1</matrix>
                        <instance_node url="#ID15" />
                    </node>
                    <node id="ID53" name="instance_24">
                        <matrix>-1.94289e-16 -0.9930713 0.1175134 5.964165 1 -1.929429e-16 2.283157e-17 7.180868 -1.232595e-32 0.1175134 0.9930713 33.43414 0 0 0 1</matrix>
                        <instance_node url="#ID15" />
                    </node>
                    <node id="ID54" name="instance_25">
                        <matrix>-1.94289e-16 -0.9930713 0.1175134 8.027902 1 -1.929429e-16 2.283157e-17 7.231014 -1.232595e-32 0.1175134 0.9930713 33.18993 0 0 0 1</matrix>
                        <instance_node url="#ID15" />
                    </node>
                </node>
            </node>
        </visual_scene>
    </library_visual_scenes>
    <library_nodes>
        <node id="ID5" name="Button">
            <instance_geometry url="#ID6">
                <bind_material>
                    <technique_common>
                        <instance_material symbol="Material2" target="#ID7">
                            <bind_vertex_input semantic="UVSET0" input_semantic="TEXCOORD" input_set="0" />
                        </instance_material>
                    </technique_common>
                </bind_material>
            </instance_geometry>
        </node>
        <node id="ID15" name="Button_2">
            <instance_geometry url="#ID16">
                <bind_material>
                    <technique_common>
                        <instance_material symbol="Material2" target="#ID7">
                            <bind_vertex_input semantic="UVSET0" input_semantic="TEXCOORD" input_set="0" />
                        </instance_material>
                    </technique_common>
                </bind_material>
            </instance_geometry>
        </node>
        <node id="ID40" name="Handset">
            <instance_geometry url="#ID41">
                <bind_material>
                    <technique_common>
                        <instance_material symbol="Material2" target="#ID43">
                            <bind_vertex_input semantic="UVSET0" input_semantic="TEXCOORD" input_set="0" />
                        </instance_material>
                    </technique_common>
                </bind_material>
            </instance_geometry>
        </node>
    </library_nodes>
    <library_geometries>
        <geometry id="ID6">
            <mesh>
                <source id="ID9">
                    <float_array id="ID12" count="432">0.5984252 0.2992126 0 0.5882298 0.2217707 0.1614173 0.5882298 0.2217707 0 0.5984252 0.2992126 0.1614173 0.5984252 0.2992126 0.1614173 0.5984252 0.2992126 0 0.5882298 0.2217707 0.1614173 0.5882298 0.2217707 0 0.5882298 0.3766545 0 0.5882298 0.3766545 0.1614173 0.5882298 0.3766545 0.1614173 0.5882298 0.3766545 0 0.01019542 0.2217707 0.1614173 0.01019542 0.3766545 0.1614173 1.776357e-15 0.2992126 0.1614173 0.04008689 0.1496063 0.1614173 0.04008689 0.4488189 0.1614173 0.08763734 0.08763734 0.1614173 0.08763734 0.5107879 0.1614173 0.1496063 0.04008689 0.1614173 0.1496063 0.5583383 0.1614173 0.2217707 0.01019542 0.1614173 0.2217707 0.5882298 0.1614173 0.2992126 -2.220446e-16 0.1614173 0.2992126 0.5984252 0.1614173 0.3766545 0.01019542 0.1614173 0.3766545 0.5882298 0.1614173 0.4488189 0.04008689 0.1614173 0.4488189 0.5583383 0.1614173 0.5107879 0.08763734 0.1614173 0.5107879 0.5107879 0.1614173 0.5583383 0.1496063 0.1614173 0.5583383 0.4488189 0.1614173 0.5882298 0.2217707 0.1614173 0.5882298 0.3766545 0.1614173 0.5984252 0.2992126 0.1614173 0.5984252 0.2992126 0.1614173 0.5882298 0.2217707 0.1614173 0.5882298 0.3766545 0.1614173 0.5583383 0.4488189 0.1614173 0.5583383 0.1496063 0.1614173 0.5107879 0.5107879 0.1614173 0.5107879 0.08763734 0.1614173 0.4488189 0.5583383 0.1614173 0.4488189 0.04008689 0.1614173 0.3766545 0.5882298 0.1614173 0.3766545 0.01019542 0.1614173 0.2992126 0.5984252 0.1614173 0.2992126 -2.220446e-16 0.1614173 0.2217707 0.5882298 0.1614173 0.2217707 0.01019542 0.1614173 0.1496063 0.5583383 0.1614173 0.1496063 0.04008689 0.1614173 0.08763734 0.5107879 0.1614173 0.08763734 0.08763734 0.1614173 0.04008689 0.4488189 0.1614173 0.04008689 0.1496063 0.1614173 0.01019542 0.3766545 0.1614173 0.01019542 0.2217707 0.1614173 1.776357e-15 0.2992126 0.1614173 0.5583383 0.1496063 0.1614173 0.5583383 0.1496063 2.220446e-16 0.5583383 0.1496063 0.1614173 0.5583383 0.1496063 2.220446e-16 0.5583383 0.4488189 2.220446e-16 0.5583383 0.4488189 0.1614173 0.5583383 0.4488189 0.1614173 0.5583383 0.4488189 2.220446e-16 0.5107879 0.5107879 0 0.5107879 0.5107879 0.1614173 0.5107879 0.5107879 0.1614173 0.5107879 0.5107879 0 0.4488189 0.5583383 0.1614173 0.4488189 0.5583383 0 0.4488189 0.5583383 0.1614173 0.4488189 0.5583383 0 0.3766545 0.5882298 0.1614173 0.3766545 0.5882298 0 0.3766545 0.5882298 0.1614173 0.3766545 0.5882298 0 0.2992126 0.5984252 2.220446e-16 0.2992126 0.5984252 0.1614173 0.2992126 0.5984252 0.1614173 0.2992126 0.5984252 2.220446e-16 0.2217707 0.5882298 0.1614173 0.2217707 0.5882298 0 0.2217707 0.5882298 0.1614173 0.2217707 0.5882298 0 0.1496063 0.5583383 0.1614173 0.1496063 0.5583383 0 0.1496063 0.5583383 0.1614173 0.1496063 0.5583383 0 0.08763734 0.5107879 0.1614173 0.08763734 0.5107879 0 0.08763734 0.5107879 0.1614173 0.08763734 0.5107879 0 0.04008689 0.4488189 0.1614173 0.04008689 0.4488189 2.220446e-16 0.04008689 0.4488189 0.1614173 0.04008689 0.4488189 2.220446e-16 0.01019542 0.3766545 0.1614173 0.01019542 0.3766545 0 0.01019542 0.3766545 0.1614173 0.01019542 0.3766545 0 1.776357e-15 0.2992126 0.1614173 1.776357e-15 0.2992126 0 1.776357e-15 0.2992126 0.1614173 1.776357e-15 0.2992126 0 0.01019542 0.2217707 0.1614173 0.01019542 0.2217707 0 0.01019542 0.2217707 0.1614173 0.01019542 0.2217707 0 0.04008689 0.1496063 0.1614173 0.04008689 0.1496063 0 0.04008689 0.1496063 0.1614173 0.04008689 0.1496063 0 0.08763734 0.08763734 0.1614173 0.08763734 0.08763734 2.220446e-16 0.08763734 0.08763734 0.1614173 0.08763734 0.08763734 2.220446e-16 0.1496063 0.04008689 0.1614173 0.1496063 0.04008689 2.220446e-16 0.1496063 0.04008689 0.1614173 0.1496063 0.04008689 2.220446e-16 0.2217707 0.01019542 0.1614173 0.2217707 0.01019542 0 0.2217707 0.01019542 0.1614173 0.2217707 0.01019542 0 0.2992126 -2.220446e-16 0.1614173 0.2992126 -4.440892e-16 0 0.2992126 -2.220446e-16 0.1614173 0.2992126 -4.440892e-16 0 0.3766545 0.01019542 2.220446e-16 0.3766545 0.01019542 0.1614173 0.3766545 0.01019542 0.1614173 0.3766545 0.01019542 2.220446e-16 0.4488189 0.04008689 0.1614173 0.4488189 0.04008689 2.220446e-16 0.4488189 0.04008689 0.1614173 0.4488189 0.04008689 2.220446e-16 0.5107879 0.08763734 0.1614173 0.5107879 0.08763734 2.220446e-16 0.5107879 0.08763734 0.1614173 0.5107879 0.08763734 2.220446e-16</float_array>
                    <technique_common>
                        <accessor count="144" source="#ID12" stride="3">
                            <param name="X" type="float" />
                            <param name="Y" type="float" />
                            <param name="Z" type="float" />
                        </accessor>
                    </technique_common>
                </source>
                <source id="ID10">
                    <float_array id="ID13" count="432">1 8.019999e-17 3.761839e-17 0.9659258 -0.258819 7.436192e-17 0.9659258 -0.258819 7.436192e-17 1 3.029777e-16 3.761839e-17 -1 -3.029777e-16 -3.761839e-17 -1 -8.019999e-17 -3.761839e-17 -0.9659258 0.258819 -7.436192e-17 -0.9659258 0.258819 -7.436192e-17 0.9659258 0.258819 1.749692e-18 0.9659258 0.258819 1.749692e-18 -0.9659258 -0.258819 -1.749692e-18 -0.9659258 -0.258819 -1.749692e-18 -4.024257e-17 1.387779e-16 1 -4.024257e-17 1.387779e-16 1 -4.024257e-17 1.387779e-16 1 -4.024257e-17 1.387779e-16 1 -4.024257e-17 1.387779e-16 1 -4.024257e-17 1.387779e-16 1 -4.024257e-17 1.387779e-16 1 -4.024257e-17 1.387779e-16 1 -4.024257e-17 1.387779e-16 1 -4.024257e-17 1.387779e-16 1 -4.024257e-17 1.387779e-16 1 -4.024257e-17 1.387779e-16 1 -4.024257e-17 1.387779e-16 1 -4.024257e-17 1.387779e-16 1 -4.024257e-17 1.387779e-16 1 -4.024257e-17 1.387779e-16 1 -4.024257e-17 1.387779e-16 1 -4.024257e-17 1.387779e-16 1 -4.024257e-17 1.387779e-16 1 -4.024257e-17 1.387779e-16 1 -4.024257e-17 1.387779e-16 1 -4.024257e-17 1.387779e-16 1 -4.024257e-17 1.387779e-16 1 -4.024257e-17 1.387779e-16 1 4.024257e-17 -1.387779e-16 -1 4.024257e-17 -1.387779e-16 -1 4.024257e-17 -1.387779e-16 -1 4.024257e-17 -1.387779e-16 -1 4.024257e-17 -1.387779e-16 -1 4.024257e-17 -1.387779e-16 -1 4.024257e-17 -1.387779e-16 -1 4.024257e-17 -1.387779e-16 -1 4.024257e-17 -1.387779e-16 -1 4.024257e-17 -1.387779e-16 -1 4.024257e-17 -1.387779e-16 -1 4.024257e-17 -1.387779e-16 -1 4.024257e-17 -1.387779e-16 -1 4.024257e-17 -1.387779e-16 -1 4.024257e-17 -1.387779e-16 -1 4.024257e-17 -1.387779e-16 -1 4.024257e-17 -1.387779e-16 -1 4.024257e-17 -1.387779e-16 -1 4.024257e-17 -1.387779e-16 -1 4.024257e-17 -1.387779e-16 -1 4.024257e-17 -1.387779e-16 -1 4.024257e-17 -1.387779e-16 -1 4.024257e-17 -1.387779e-16 -1 4.024257e-17 -1.387779e-16 -1 0.8660254 -0.5 1.084809e-16 0.8660254 -0.5 1.084809e-16 -0.8660254 0.5 -1.084809e-16 -0.8660254 0.5 -1.084809e-16 0.8660254 0.5 -2.799508e-17 0.8660254 0.5 -2.799508e-17 -0.8660254 -0.5 2.799508e-17 -0.8660254 -0.5 2.799508e-17 0.7071068 0.7071068 -6.998769e-17 0.7071068 0.7071068 -6.998769e-17 -0.7071068 -0.7071068 6.998769e-17 -0.7071068 -0.7071068 6.998769e-17 0.5 0.8660254 -1.189791e-16 0.5 0.8660254 -1.189791e-16 -0.5 -0.8660254 1.189791e-16 -0.5 -0.8660254 1.189791e-16 0.258819 0.9659258 -1.399754e-16 0.258819 0.9659258 -1.399754e-16 -0.258819 -0.9659258 1.399754e-16 -0.258819 -0.9659258 1.399754e-16 0 1 -1.399754e-16 0 1 -1.399754e-16 -0 -1 1.399754e-16 -0 -1 1.399754e-16 -0.258819 0.9659258 -1.539729e-16 -0.258819 0.9659258 -1.539729e-16 0.258819 -0.9659258 1.539729e-16 0.258819 -0.9659258 1.539729e-16 -0.5 0.8660254 -1.539729e-16 -0.5 0.8660254 -1.539729e-16 0.5 -0.8660254 1.539729e-16 0.5 -0.8660254 1.539729e-16 -0.7071068 0.7071068 -1.259778e-16 -0.7071068 0.7071068 -1.259778e-16 0.7071068 -0.7071068 1.259778e-16 0.7071068 -0.7071068 1.259778e-16 -0.8660254 0.5 -1.014822e-16 -0.8660254 0.5 -1.014822e-16 0.8660254 -0.5 1.014822e-16 0.8660254 -0.5 1.014822e-16 -0.9659258 0.258819 -7.523677e-17 -0.9659258 0.258819 -7.523677e-17 0.9659258 -0.258819 7.523677e-17 0.9659258 -0.258819 7.523677e-17 -1 -6.237777e-17 -3.936808e-17 -1 -2.851555e-16 -3.936808e-17 1 6.237777e-17 3.936808e-17 1 2.851555e-16 3.936808e-17 -0.9659258 -0.258819 -2.624539e-18 -0.9659258 -0.258819 -2.624539e-18 0.9659258 0.258819 2.624539e-18 0.9659258 0.258819 2.624539e-18 -0.8660254 -0.5 2.799508e-17 -0.8660254 -0.5 2.799508e-17 0.8660254 0.5 -2.799508e-17 0.8660254 0.5 -2.799508e-17 -0.7071068 -0.7071068 6.998769e-17 -0.7071068 -0.7071068 6.998769e-17 0.7071068 0.7071068 -6.998769e-17 0.7071068 0.7071068 -6.998769e-17 -0.5 -0.8660254 1.189791e-16 -0.5 -0.8660254 1.189791e-16 0.5 0.8660254 -1.189791e-16 0.5 0.8660254 -1.189791e-16 -0.258819 -0.9659258 1.469742e-16 -0.258819 -0.9659258 1.469742e-16 0.258819 0.9659258 -1.469742e-16 0.258819 0.9659258 -1.469742e-16 -6.594221e-16 -1 1.539729e-16 -7.663555e-16 -1 1.539729e-16 6.594221e-16 1 -1.539729e-16 7.663555e-16 1 -1.539729e-16 0.258819 -0.9659258 1.679705e-16 0.258819 -0.9659258 1.679705e-16 -0.258819 0.9659258 -1.679705e-16 -0.258819 0.9659258 -1.679705e-16 0.5 -0.8660254 1.609717e-16 0.5 -0.8660254 1.609717e-16 -0.5 0.8660254 -1.609717e-16 -0.5 0.8660254 -1.609717e-16 0.7071068 -0.7071068 1.329766e-16 0.7071068 -0.7071068 1.329766e-16 -0.7071068 0.7071068 -1.329766e-16 -0.7071068 0.7071068 -1.329766e-16</float_array>
                    <technique_common>
                        <accessor count="144" source="#ID13" stride="3">
                            <param name="X" type="float" />
                            <param name="Y" type="float" />
                            <param name="Z" type="float" />
                        </accessor>
                    </technique_common>
                </source>
                <vertices id="ID11">
                    <input semantic="POSITION" source="#ID9" />
                    <input semantic="NORMAL" source="#ID10" />
                </vertices>
                <triangles count="140" material="Material2">
                    <input offset="0" semantic="VERTEX" source="#ID11" />
                    <p>0 1 2 1 0 3 4 5 6 7 6 5 8 3 0 3 8 9 10 11 4 5 4 11 12 13 14 13 12 15 13 15 16 16 15 17 16 17 18 18 17 19 18 19 20 20 19 21 20 21 22 22 21 23 22 23 24 24 23 25 24 25 26 26 25 27 26 27 28 28 27 29 28 29 30 30 29 31 30 31 32 32 31 33 32 33 34 34 33 35 36 37 38 38 37 39 37 40 39 39 40 41 40 42 41 41 42 43 42 44 43 43 44 45 44 46 45 45 46 47 46 48 47 47 48 49 48 50 49 49 50 51 50 52 51 51 52 53 52 54 53 53 54 55 54 56 55 55 56 57 56 58 57 59 57 58 2 60 61 60 2 1 6 7 62 63 62 7 64 9 8 9 64 65 66 67 10 11 10 67 68 65 64 65 68 69 70 71 66 67 66 71 72 68 73 68 72 69 70 74 71 75 71 74 76 73 77 73 76 72 74 78 75 79 75 78 80 76 77 76 80 81 82 83 78 79 78 83 84 80 85 80 84 81 82 86 83 87 83 86 88 85 89 85 88 84 86 90 87 91 87 90 92 89 93 89 92 88 90 94 91 95 91 94 96 93 97 93 96 92 94 98 95 99 95 98 100 97 101 97 100 96 98 102 99 103 99 102 104 101 105 101 104 100 102 106 103 107 103 106 108 105 109 105 108 104 106 110 107 111 107 110 112 109 113 109 112 108 110 114 111 115 111 114 116 113 117 113 116 112 114 118 115 119 115 118 120 117 121 117 120 116 118 122 119 123 119 122 124 121 125 121 124 120 122 126 123 127 123 126 128 125 129 125 128 124 126 130 127 131 127 130 132 128 129 128 132 133 134 135 130 131 130 135 136 132 137 132 136 133 134 138 135 139 135 138 140 137 141 137 140 136 138 142 139 143 139 142 61 140 141 140 61 60 62 63 142 143 142 63</p>
                </triangles>
            </mesh>
        </geometry>
        <geometry id="ID16">
            <mesh>
                <source id="ID17">
                    <float_array id="ID20" count="468">0.004963561 0.1079673 0.1141732 0.004963561 0.1833713 0.1141732 1.776357e-15 0.1456693 0.1141732 0.01951598 0.07283465 0.1141732 0.01951598 0.2185039 0.1141732 0.04266555 0.04266555 0.1141732 0.04266555 0.248673 0.1141732 0.07283465 0.01951598 0.1141732 0.07283465 0.2718226 0.1141732 0.1079673 0.004963561 0.1141732 0.1079673 0.286375 0.1141732 0.1456693 -8.881784e-16 0.1141732 0.1456693 0.2913386 0.1141732 0.8464567 -8.881784e-16 0.1141732 0.8464567 0.2913386 0.1141732 0.8841587 0.004963561 0.1141732 0.8841587 0.286375 0.1141732 0.9192913 0.01951598 0.1141732 0.9192913 0.2718226 0.1141732 0.9494604 0.04266555 0.1141732 0.9494604 0.248673 0.1141732 0.97261 0.07283465 0.1141732 0.97261 0.2185039 0.1141732 0.9871624 0.1079673 0.1141732 0.9871624 0.1833713 0.1141732 0.992126 0.1456693 0.1141732 0.992126 0.1456693 0.1141732 0.9871624 0.1079673 0.1141732 0.9871624 0.1833713 0.1141732 0.97261 0.2185039 0.1141732 0.97261 0.07283465 0.1141732 0.9494604 0.248673 0.1141732 0.9494604 0.04266555 0.1141732 0.9192913 0.2718226 0.1141732 0.9192913 0.01951598 0.1141732 0.8841587 0.286375 0.1141732 0.8841587 0.004963561 0.1141732 0.8464567 0.2913386 0.1141732 0.8464567 -8.881784e-16 0.1141732 0.1456693 0.2913386 0.1141732 0.1456693 -8.881784e-16 0.1141732 0.1079673 0.286375 0.1141732 0.1079673 0.004963561 0.1141732 0.07283465 0.2718226 0.1141732 0.07283465 0.01951598 0.1141732 0.04266555 0.248673 0.1141732 0.04266555 0.04266555 0.1141732 0.01951598 0.2185039 0.1141732 0.01951598 0.07283465 0.1141732 0.004963561 0.1833713 0.1141732 0.004963561 0.1079673 0.1141732 1.776357e-15 0.1456693 0.1141732 0.1456693 0.2913386 0.1141732 0.8464567 0.2913386 6.661338e-16 0.1456693 0.2913386 6.661338e-16 0.8464567 0.2913386 0.1141732 0.8464567 0.2913386 0.1141732 0.1456693 0.2913386 0.1141732 0.8464567 0.2913386 6.661338e-16 0.1456693 0.2913386 6.661338e-16 0.1079673 0.286375 0.1141732 0.1079673 0.286375 6.661338e-16 0.1079673 0.286375 0.1141732 0.1079673 0.286375 6.661338e-16 0.07283465 0.2718226 0.1141732 0.07283465 0.2718226 6.661338e-16 0.07283465 0.2718226 0.1141732 0.07283465 0.2718226 6.661338e-16 0.04266555 0.248673 0.1141732 0.04266555 0.248673 6.661338e-16 0.04266555 0.248673 0.1141732 0.04266555 0.248673 6.661338e-16 0.01951598 0.2185039 6.661338e-16 0.01951598 0.2185039 0.1141732 0.01951598 0.2185039 6.661338e-16 0.01951598 0.2185039 0.1141732 0.004963561 0.1833713 6.661338e-16 0.004963561 0.1833713 0.1141732 0.004963561 0.1833713 6.661338e-16 0.004963561 0.1833713 0.1141732 1.776357e-15 0.1456693 6.661338e-16 1.776357e-15 0.1456693 0.1141732 1.776357e-15 0.1456693 6.661338e-16 1.776357e-15 0.1456693 0.1141732 0.004963561 0.1079673 6.661338e-16 0.004963561 0.1079673 0.1141732 0.004963561 0.1079673 6.661338e-16 0.004963561 0.1079673 0.1141732 0.01951598 0.07283465 4.440892e-16 0.01951598 0.07283465 0.1141732 0.01951598 0.07283465 4.440892e-16 0.01951598 0.07283465 0.1141732 0.04266555 0.04266555 6.661338e-16 0.04266555 0.04266555 0.1141732 0.04266555 0.04266555 6.661338e-16 0.04266555 0.04266555 0.1141732 0.07283465 0.01951598 0.1141732 0.07283465 0.01951598 6.661338e-16 0.07283465 0.01951598 0.1141732 0.07283465 0.01951598 6.661338e-16 0.1079673 0.004963561 0.1141732 0.1079673 0.004963561 6.661338e-16 0.1079673 0.004963561 0.1141732 0.1079673 0.004963561 6.661338e-16 0.1456693 -8.881784e-16 0.1141732 0.1456693 0 6.661338e-16 0.1456693 -8.881784e-16 0.1141732 0.1456693 0 6.661338e-16 0.8464567 -8.881784e-16 0.1141732 0.8464567 0 6.661338e-16 0.8464567 -8.881784e-16 0.1141732 0.8464567 0 6.661338e-16 0.8841587 0.004963561 0.1141732 0.8841587 0.004963561 6.661338e-16 0.8841587 0.004963561 0.1141732 0.8841587 0.004963561 6.661338e-16 0.9192913 0.01951598 0.1141732 0.9192913 0.01951598 6.661338e-16 0.9192913 0.01951598 0.1141732 0.9192913 0.01951598 6.661338e-16 0.9494604 0.04266555 0.1141732 0.9494604 0.04266555 6.661338e-16 0.9494604 0.04266555 0.1141732 0.9494604 0.04266555 6.661338e-16 0.97261 0.07283465 0.1141732 0.97261 0.07283465 4.440892e-16 0.97261 0.07283465 4.440892e-16 0.97261 0.07283465 0.1141732 0.9871624 0.1079673 0.1141732 0.9871624 0.1079673 6.661338e-16 0.9871624 0.1079673 6.661338e-16 0.9871624 0.1079673 0.1141732 0.992126 0.1456693 0.1141732 0.992126 0.1456693 6.661338e-16 0.992126 0.1456693 6.661338e-16 0.992126 0.1456693 0.1141732 0.9871624 0.1833713 0.1141732 0.9871624 0.1833713 6.661338e-16 0.9871624 0.1833713 6.661338e-16 0.9871624 0.1833713 0.1141732 0.97261 0.2185039 0.1141732 0.97261 0.2185039 6.661338e-16 0.97261 0.2185039 6.661338e-16 0.97261 0.2185039 0.1141732 0.9494604 0.248673 0.1141732 0.9494604 0.248673 6.661338e-16 0.9494604 0.248673 6.661338e-16 0.9494604 0.248673 0.1141732 0.9192913 0.2718226 0.1141732 0.9192913 0.2718226 6.661338e-16 0.9192913 0.2718226 0.1141732 0.9192913 0.2718226 6.661338e-16 0.8841587 0.286375 0.1141732 0.8841587 0.286375 6.661338e-16 0.8841587 0.286375 0.1141732 0.8841587 0.286375 6.661338e-16</float_array>
                    <technique_common>
                        <accessor count="156" source="#ID20" stride="3">
                            <param name="X" type="float" />
                            <param name="Y" type="float" />
                            <param name="Z" type="float" />
                        </accessor>
                    </technique_common>
                </source>
                <source id="ID18">
                    <float_array id="ID21" count="468">-2.149817e-17 -2.498002e-16 1 -2.149817e-17 -2.498002e-16 1 -2.149817e-17 -2.498002e-16 1 -2.149817e-17 -2.498002e-16 1 -2.149817e-17 -2.498002e-16 1 -2.149817e-17 -2.498002e-16 1 -2.149817e-17 -2.498002e-16 1 -2.149817e-17 -2.498002e-16 1 -2.149817e-17 -2.498002e-16 1 -2.149817e-17 -2.498002e-16 1 -2.149817e-17 -2.498002e-16 1 -2.149817e-17 -2.498002e-16 1 -2.149817e-17 -2.498002e-16 1 -2.149817e-17 -2.498002e-16 1 -2.149817e-17 -2.498002e-16 1 -2.149817e-17 -2.498002e-16 1 -2.149817e-17 -2.498002e-16 1 -2.149817e-17 -2.498002e-16 1 -2.149817e-17 -2.498002e-16 1 -2.149817e-17 -2.498002e-16 1 -2.149817e-17 -2.498002e-16 1 -2.149817e-17 -2.498002e-16 1 -2.149817e-17 -2.498002e-16 1 -2.149817e-17 -2.498002e-16 1 -2.149817e-17 -2.498002e-16 1 -2.149817e-17 -2.498002e-16 1 2.149817e-17 2.498002e-16 -1 2.149817e-17 2.498002e-16 -1 2.149817e-17 2.498002e-16 -1 2.149817e-17 2.498002e-16 -1 2.149817e-17 2.498002e-16 -1 2.149817e-17 2.498002e-16 -1 2.149817e-17 2.498002e-16 -1 2.149817e-17 2.498002e-16 -1 2.149817e-17 2.498002e-16 -1 2.149817e-17 2.498002e-16 -1 2.149817e-17 2.498002e-16 -1 2.149817e-17 2.498002e-16 -1 2.149817e-17 2.498002e-16 -1 2.149817e-17 2.498002e-16 -1 2.149817e-17 2.498002e-16 -1 2.149817e-17 2.498002e-16 -1 2.149817e-17 2.498002e-16 -1 2.149817e-17 2.498002e-16 -1 2.149817e-17 2.498002e-16 -1 2.149817e-17 2.498002e-16 -1 2.149817e-17 2.498002e-16 -1 2.149817e-17 2.498002e-16 -1 2.149817e-17 2.498002e-16 -1 2.149817e-17 2.498002e-16 -1 2.149817e-17 2.498002e-16 -1 2.149817e-17 2.498002e-16 -1 -0.06540313 0.9978589 2.503362e-16 0.06540313 0.9978589 2.503362e-16 -0.06540313 0.9978589 2.503362e-16 0.06540313 0.9978589 2.503362e-16 -0.06540313 -0.9978589 -2.503362e-16 0.06540313 -0.9978589 -2.503362e-16 -0.06540313 -0.9978589 -2.503362e-16 0.06540313 -0.9978589 -2.503362e-16 -0.258819 0.9659258 2.379582e-16 -0.258819 0.9659258 2.379582e-16 0.258819 -0.9659258 -2.379582e-16 0.258819 -0.9659258 -2.379582e-16 -0.5 0.8660254 2.169618e-16 -0.5 0.8660254 2.169618e-16 0.5 -0.8660254 -2.169618e-16 0.5 -0.8660254 -2.169618e-16 -0.7071068 0.7071068 1.749692e-16 -0.7071068 0.7071068 1.749692e-16 0.7071068 -0.7071068 -1.749692e-16 0.7071068 -0.7071068 -1.749692e-16 -0.8660254 0.5 1.154797e-16 -0.8660254 0.5 1.154797e-16 0.8660254 -0.5 -1.154797e-16 0.8660254 -0.5 -1.154797e-16 -0.9659258 0.258819 4.374231e-17 -0.9659258 0.258819 4.374231e-17 0.9659258 -0.258819 -4.374231e-17 0.9659258 -0.258819 -4.374231e-17 -1 6.326888e-16 -2.012146e-17 -1 -4.099111e-16 -2.012146e-17 1 -6.326888e-16 2.012146e-17 1 4.099111e-16 2.012146e-17 -0.9659258 -0.258819 -8.136069e-17 -0.9659258 -0.258819 -8.136069e-17 0.9659258 0.258819 8.136069e-17 0.9659258 0.258819 8.136069e-17 -0.8660254 -0.5 -1.399754e-16 -0.8660254 -0.5 -1.399754e-16 0.8660254 0.5 1.399754e-16 0.8660254 0.5 1.399754e-16 -0.7071068 -0.7071068 -1.889668e-16 -0.7071068 -0.7071068 -1.889668e-16 0.7071068 0.7071068 1.889668e-16 0.7071068 0.7071068 1.889668e-16 -0.5 -0.8660254 -2.239606e-16 -0.5 -0.8660254 -2.239606e-16 0.5 0.8660254 2.239606e-16 0.5 0.8660254 2.239606e-16 -0.258819 -0.9659258 -2.519557e-16 -0.258819 -0.9659258 -2.519557e-16 0.258819 0.9659258 2.519557e-16 0.258819 0.9659258 2.519557e-16 -0.06540313 -0.9978589 -2.642437e-16 -0.06540313 -0.9978589 -2.642437e-16 0.06540313 0.9978589 2.642437e-16 0.06540313 0.9978589 2.642437e-16 0.06540313 -0.9978589 -2.642437e-16 0.06540313 -0.9978589 -2.642437e-16 -0.06540313 0.9978589 2.642437e-16 -0.06540313 0.9978589 2.642437e-16 0.258819 -0.9659258 -2.519557e-16 0.258819 -0.9659258 -2.519557e-16 -0.258819 0.9659258 2.519557e-16 -0.258819 0.9659258 2.519557e-16 0.5 -0.8660254 -2.169618e-16 0.5 -0.8660254 -2.169618e-16 -0.5 0.8660254 2.169618e-16 -0.5 0.8660254 2.169618e-16 0.7071068 -0.7071068 -1.749692e-16 0.7071068 -0.7071068 -1.749692e-16 -0.7071068 0.7071068 1.749692e-16 -0.7071068 0.7071068 1.749692e-16 0.8660254 -0.5 -1.154797e-16 0.8660254 -0.5 -1.154797e-16 -0.8660254 0.5 1.154797e-16 -0.8660254 0.5 1.154797e-16 0.9659258 -0.258819 -4.374231e-17 0.9659258 -0.258819 -4.374231e-17 -0.9659258 0.258819 4.374231e-17 -0.9659258 0.258819 4.374231e-17 1 -3.920888e-16 2.012146e-17 1 6.50511e-16 2.012146e-17 -1 -6.50511e-16 -2.012146e-17 -1 3.920888e-16 -2.012146e-17 0.9659258 0.258819 8.136069e-17 0.9659258 0.258819 8.136069e-17 -0.9659258 -0.258819 -8.136069e-17 -0.9659258 -0.258819 -8.136069e-17 0.8660254 0.5 1.399754e-16 0.8660254 0.5 1.399754e-16 -0.8660254 -0.5 -1.399754e-16 -0.8660254 -0.5 -1.399754e-16 0.7071068 0.7071068 1.889668e-16 0.7071068 0.7071068 1.889668e-16 -0.7071068 -0.7071068 -1.889668e-16 -0.7071068 -0.7071068 -1.889668e-16 0.5 0.8660254 2.239606e-16 0.5 0.8660254 2.239606e-16 -0.5 -0.8660254 -2.239606e-16 -0.5 -0.8660254 -2.239606e-16 0.258819 0.9659258 2.379582e-16 0.258819 0.9659258 2.379582e-16 -0.258819 -0.9659258 -2.379582e-16 -0.258819 -0.9659258 -2.379582e-16</float_array>
                    <technique_common>
                        <accessor count="156" source="#ID21" stride="3">
                            <param name="X" type="float" />
                            <param name="Y" type="float" />
                            <param name="Z" type="float" />
                        </accessor>
                    </technique_common>
                </source>
                <vertices id="ID19">
                    <input semantic="POSITION" source="#ID17" />
                    <input semantic="NORMAL" source="#ID18" />
                </vertices>
                <triangles count="152" material="Material2">
                    <input offset="0" semantic="VERTEX" source="#ID19" />
